{
    "im_width": 1296,
    "im_height": 840,
    "K": [
        [
            961.5948949847885,
            0.0,
            647.9930016854843
        ],
        [
            0.0,
            962.5220835763479,
            417.7396649112903
        ],
        [
            0.0,
            0.0,
            1.0
        ]
    ],
    "c2w": [
        [
            [
                0.0,
                0.49999999999999983,
                -0.8660254037844385,
                0.9660254037844387
            ],
            [
                0.9999999999999998,
                -0.0,
                0.0,
                0.1
            ],
            [
                -0.0,
                -0.8660254037844385,
                -0.49999999999999983,
                -5.551115123125783e-17
            ],
            [
                0.0,
                0.0,
                0.0,
                1.0
            ]
        ],
        [
            [
                -0.04187565372919961,
                0.499561415049429,
                -0.8652657523666147,
                0.9652657523666149
            ],
            [
                0.999122830098858,
                0.020937826864599805,
                -0.03626537992956743,
                0.13626537992956744
            ],
            [
                0.0,
                -0.8660254037844386,
                -0.49999999999999983,
                -5.551115123125783e-17
            ],
            [
                0.0,
                0.0,
                0.0,
                1.0
            ]
        ],
        [
            [
                -0.08367784333231544,
                0.49824642962475196,
                -0.8629881307998617,
                0.9629881307998619
            ],
            [
                0.9964928592495041,
                0.04183892166615771,
                -0.07246713805967948,
                0.1724671380596795
            ],
            [
                0.0,
                -0.8660254037844385,
                -0.49999999999999983,
                -5.551115123125783e-17
            ],
            [
                0.0,
                0.0,
                0.0,
                1.0
            ]
        ],
        [
            [
                -0.12533323356430418,
                0.4960573506572387,
                -0.8591965348063483,
                0.9591965348063485
            ],
            [
                0.9921147013144777,
                0.06266661678215207,
                -0.1085417642051359,
                0.20854176420513593
            ],
            [
                0.0,
                -0.8660254037844385,
                -0.49999999999999983,
                -5.551115123125783e-17
            ],
            [
                0.0,
                0.0,
                0.0,
                1.0
            ]
        ],
        [
            [
                -0.16676874671610223,
                0.49299801853525227,
                -0.8538976161338403,
                0.9538976161338405
            ],
            [
                0.9859960370705046,
                0.0833843733580511,
                -0.14442597121343723,
                0.24442597121343726
            ],
            [
                0.0,
                -0.8660254037844386,
                -0.49999999999999983,
                -5.551115123125783e-17
            ],
            [
                0.0,
                0.0,
                0.0,
                1.0
            ]
        ],
        [
            [
                -0.2079116908177593,
                0.4890738003669026,
                -0.8471006708862738,
                0.947100670886274
            ],
            [
                0.9781476007338054,
                0.10395584540887964,
                -0.1800568059919554,
                0.2800568059919554
            ],
            [
                0.0,
                -0.8660254037844386,
                -0.49999999999999983,
                -5.551115123125783e-17
            ],
            [
                0.0,
                0.0,
                0.0,
                1.0
            ]
        ],
        [
            [
                -0.24868988716485474,
                0.4842915805643154,
                -0.8388176232152306,
                0.9388176232152308
            ],
            [
                0.968583161128631,
                0.12434494358242736,
                -0.2153717599490498,
                0.31537175994904987
            ],
            [
                0.0,
                -0.8660254037844385,
                -0.49999999999999983,
                -5.551115123125783e-17
            ],
            [
                0.0,
                0.0,
                0.0,
                1.0
            ]
        ],
        [
            [
                -0.2890317969444716,
                0.4786597487660335,
                -0.8290630044009243,
                0.9290630044009245
            ],
            [
                0.957319497532067,
                0.1445158984722358,
                -0.25030887865537793,
                0.35030887865537796
            ],
            [
                0.0,
                -0.8660254037844386,
                -0.49999999999999983,
                -5.551115123125783e-17
            ],
            [
                0.0,
                0.0,
                0.0,
                1.0
            ]
        ],
        [
            [
                -0.3288666467385831,
                0.4721881851187404,
                -0.817853927359397,
                0.9178539273593972
            ],
            [
                0.9443763702374808,
                0.16443332336929156,
                -0.28480687053301584,
                0.3848068705330159
            ],
            [
                0.0,
                -0.8660254037844386,
                -0.49999999999999983,
                -5.551115123125783e-17
            ],
            [
                0.0,
                0.0,
                0.0,
                1.0
            ]
        ],
        [
            [
                -0.3681245526846778,
                0.46488824294412556,
                -0.8052100566206493,
                0.9052100566206495
            ],
            [
                0.9297764858882512,
                0.18406227634233888,
                -0.318805214381714,
                0.41880521438171403
            ],
            [
                0.0,
                -0.8660254037844386,
                -0.49999999999999983,
                -5.551115123125783e-17
            ],
            [
                0.0,
                0.0,
                0.0,
                1.0
            ]
        ],
        [
            [
                -0.40673664307580026,
                0.4567727288213003,
                -0.791153573830373,
                0.8911535738303732
            ],
            [
                0.9135454576426006,
                0.20336832153790013,
                -0.352244265553647,
                0.45224426555364705
            ],
            [
                0.0,
                -0.8660254037844386,
                -0.49999999999999983,
                -5.551115123125783e-17
            ],
            [
                0.0,
                0.0,
                0.0,
                1.0
            ]
        ],
        [
            [
                -0.44463517918492734,
                0.44785588011970623,
                -0.7757091388358077,
                0.8757091388358079
            ],
            [
                0.8957117602394127,
                0.22231758959246362,
                -0.385065360590393,
                0.48506536059039307
            ],
            [
                0.0,
                -0.8660254037844385,
                -0.49999999999999983,
                -5.551115123125783e-17
            ],
            [
                0.0,
                0.0,
                0.0,
                1.0
            ]
        ],
        [
            [
                -0.48175367410171516,
                0.43815334002193174,
                -0.7589038464239877,
                0.8589038464239879
            ],
            [
                0.8763066800438634,
                0.2408768370508576,
                -0.41721092013857475,
                0.5172109201385748
            ],
            [
                0.0,
                -0.8660254037844385,
                -0.49999999999999983,
                -5.551115123125783e-17
            ],
            [
                0.0,
                0.0,
                0.0,
                1.0
            ]
        ],
        [
            [
                -0.5180270093731302,
                0.4276821300802532,
                -0.7407671787882802,
                0.8407671787882803
            ],
            [
                0.8553642601605064,
                0.2590135046865651,
                -0.44862454996361023,
                0.5486245499636103
            ],
            [
                0.0,
                -0.8660254037844386,
                -0.49999999999999983,
                -5.551115123125783e-17
            ],
            [
                0.0,
                0.0,
                0.0,
                1.0
            ]
        ],
        [
            [
                -0.553391549243344,
                0.4164606203550496,
                -0.7213309538065994,
                0.8213309538065995
            ],
            [
                0.8329212407100993,
                0.27669577462167194,
                -0.4792511398843631,
                0.5792511398843632
            ],
            [
                0.0,
                -0.8660254037844385,
                -0.49999999999999983,
                -5.551115123125783e-17
            ],
            [
                0.0,
                0.0,
                0.0,
                1.0
            ]
        ],
        [
            [
                -0.5877852522924729,
                0.40450849718747356,
                -0.7006292692220367,
                0.8006292692220368
            ],
            [
                0.8090169943749472,
                0.2938926261462364,
                -0.5090369604551271,
                0.6090369604551272
            ],
            [
                0.0,
                -0.8660254037844385,
                -0.49999999999999983,
                -5.551115123125783e-17
            ],
            [
                0.0,
                0.0,
                0.0,
                1.0
            ]
        ],
        [
            [
                -0.6211477802783102,
                0.39184672866291975,
                -0.6786984428238331,
                0.7786984428238332
            ],
            [
                0.7836934573258396,
                0.31057389013915504,
                -0.5379297572253314,
                0.6379297572253315
            ],
            [
                0.0,
                -0.8660254037844385,
                -0.49999999999999983,
                -5.551115123125783e-17
            ],
            [
                0.0,
                0.0,
                0.0,
                1.0
            ]
        ],
        [
            [
                -0.6534206039901053,
                0.37849752782587814,
                -0.6555769487336359,
                0.755576948733636
            ],
            [
                0.7569950556517563,
                0.3267103019950526,
                -0.5658788424116027,
                0.6658788424116028
            ],
            [
                0.0,
                -0.8660254037844386,
                -0.49999999999999983,
                -5.551115123125783e-17
            ],
            [
                0.0,
                0.0,
                0.0,
                1.0
            ]
        ],
        [
            [
                -0.6845471059286885,
                0.36448431371070567,
                -0.6313053499088159,
                0.731305349908816
            ],
            [
                0.7289686274214114,
                0.3422735529643442,
                -0.5928351838213614,
                0.6928351838213614
            ],
            [
                0.0,
                -0.8660254037844385,
                -0.49999999999999983,
                -5.551115123125783e-17
            ],
            [
                0.0,
                0.0,
                0.0,
                1.0
            ]
        ],
        [
            [
                -0.7144726796328031,
                0.34983167025668255,
                -0.6059262269812564,
                0.7059262269812565
            ],
            [
                0.6996633405133652,
                0.3572363398164015,
                -0.6187514908719484,
                0.7187514908719485
            ],
            [
                0.0,
                -0.8660254037844386,
                -0.49999999999999983,
                -5.551115123125783e-17
            ],
            [
                0.0,
                0.0,
                0.0,
                1.0
            ]
        ],
        [
            [
                -0.7431448254773941,
                0.334565303179429,
                -0.5794841035564564,
                0.6794841035564565
            ],
            [
                0.6691306063588581,
                0.371572412738697,
                -0.6435822975543765,
                0.7435822975543765
            ],
            [
                0.0,
                -0.8660254037844385,
                -0.49999999999999983,
                -5.551115123125783e-17
            ],
            [
                0.0,
                0.0,
                0.0,
                1.0
            ]
        ],
        [
            [
                -0.7705132427757891,
                0.31871199487434476,
                -0.5520253681039968,
                0.6520253681039969
            ],
            [
                0.6374239897486896,
                0.3852566213878945,
                -0.66728404219616,
                0.7672840421961601
            ],
            [
                0.0,
                -0.8660254037844386,
                -0.49999999999999983,
                -5.551115123125783e-17
            ],
            [
                0.0,
                0.0,
                0.0,
                1.0
            ]
        ],
        [
            [
                -0.796529918024196,
                0.3022995574311873,
                -0.5235981925764024,
                0.6235981925764025
            ],
            [
                0.6045991148623747,
                0.398264959012098,
                -0.6898151438832903,
                0.7898151438832904
            ],
            [
                0.0,
                -0.8660254037844386,
                -0.49999999999999983,
                -5.551115123125783e-17
            ],
            [
                0.0,
                0.0,
                0.0,
                1.0
            ]
        ],
        [
            [
                -0.8211492091337037,
                0.2853567838422158,
                -0.49425244789916756,
                0.5942524478991676
            ],
            [
                0.5707135676844317,
                0.4105746045668518,
                -0.7111360754072883,
                0.8111360754072884
            ],
            [
                0.0,
                -0.8660254037844385,
                -0.49999999999999983,
                -5.551115123125783e-17
            ],
            [
                0.0,
                0.0,
                0.0,
                1.0
            ]
        ],
        [
            [
                -0.8443279255020149,
                0.2679133974894983,
                -0.4640396164802072,
                0.5640396164802073
            ],
            [
                0.5358267949789967,
                0.4221639627510073,
                -0.7312094326093599,
                0.83120943260936
            ],
            [
                0.0,
                -0.8660254037844385,
                -0.49999999999999983,
                -5.551115123125783e-17
            ],
            [
                0.0,
                0.0,
                0.0,
                1.0
            ]
        ],
        [
            [
                -0.8660254037844384,
                0.24999999999999994,
                -0.4330127018922194,
                0.5330127018922195
            ],
            [
                0.5,
                0.4330127018922191,
                -0.7499999999999999,
                0.85
            ],
            [
                0.0,
                -0.8660254037844385,
                -0.49999999999999983,
                -5.551115123125783e-17
            ],
            [
                0.0,
                0.0,
                0.0,
                1.0
            ]
        ],
        [
            [
                -0.8862035792312145,
                0.23164801755993084,
                -0.40122613588640776,
                0.5012261358864079
            ],
            [
                0.4632960351198617,
                0.4431017896156072,
                -0.7674748125389274,
                0.8674748125389276
            ],
            [
                0.0,
                -0.8660254037844386,
                -0.49999999999999983,
                -5.551115123125783e-17
            ],
            [
                0.0,
                0.0,
                0.0,
                1.0
            ]
        ],
        [
            [
                -0.9048270524660192,
                0.21288964578253627,
                -0.3687356829006943,
                0.46873568290069434
            ],
            [
                0.4257792915650726,
                0.45241352623300957,
                -0.7836032134669679,
                0.8836032134669681
            ],
            [
                0.0,
                -0.8660254037844386,
                -0.49999999999999983,
                -5.551115123125783e-17
            ],
            [
                0.0,
                0.0,
                0.0,
                1.0
            ]
        ],
        [
            [
                -0.9218631515885003,
                0.19375779322605147,
                -0.33559834222994595,
                0.435598342229946
            ],
            [
                0.3875155864521029,
                0.4609315757942502,
                -0.7983569080884262,
                0.8983569080884264
            ],
            [
                0.0,
                -0.8660254037844385,
                -0.49999999999999983,
                -5.551115123125783e-17
            ],
            [
                0.0,
                0.0,
                0.0,
                1.0
            ]
        ],
        [
            [
                -0.9372819894918912,
                0.17428602366090762,
                -0.3018722480298435,
                0.40187224802984356
            ],
            [
                0.34857204732181524,
                0.4686409947459456,
                -0.8117100134095971,
                0.9117100134095973
            ],
            [
                0.0,
                -0.8660254037844386,
                -0.49999999999999983,
                -5.551115123125783e-17
            ],
            [
                0.0,
                0.0,
                0.0,
                1.0
            ]
        ],
        [
            [
                -0.9510565162951533,
                0.1545084971874737,
                -0.2676165673298175,
                0.3676165673298175
            ],
            [
                0.30901699437494745,
                0.4755282581475766,
                -0.8236391035463317,
                0.9236391035463319
            ],
            [
                0.0,
                -0.8660254037844385,
                -0.49999999999999983,
                -5.551115123125783e-17
            ],
            [
                0.0,
                0.0,
                0.0,
                1.0
            ]
        ],
        [
            [
                -0.9631625667976578,
                0.13445991030763293,
                -0.23289139623397445,
                0.3328913962339745
            ],
            [
                0.26891982061526587,
                0.48158128339882894,
                -0.834123250820998,
                0.9341232508209982
            ],
            [
                0.0,
                -0.8660254037844385,
                -0.49999999999999983,
                -5.551115123125783e-17
            ],
            [
                0.0,
                0.0,
                0.0,
                1.0
            ]
        ],
        [
            [
                -0.97357890287316,
                0.11417543505532791,
                -0.19775765449210866,
                0.29775765449210867
            ],
            [
                0.22835087011065583,
                0.48678945143658,
                -0.8431440624767393,
                0.9431440624767393
            ],
            [
                0.0,
                -0.8660254037844385,
                -0.49999999999999994,
                -5.551115123125783e-17
            ],
            [
                0.0,
                0.0,
                0.0,
                1.0
            ]
        ],
        [
            [
                -0.9822872507286884,
                0.09369065729286226,
                -0.16227697862576101,
                0.26227697862576105
            ],
            [
                0.18738131458572452,
                0.4911436253643442,
                -0.8506857129446186,
                0.9506857129446188
            ],
            [
                0.0,
                -0.8660254037844386,
                -0.49999999999999983,
                -5.551115123125783e-17
            ],
            [
                0.0,
                0.0,
                0.0,
                1.0
            ]
        ],
        [
            [
                -0.989272332962988,
                0.0730415142812058,
                -0.12651161379681622,
                0.22651161379681625
            ],
            [
                0.1460830285624116,
                0.494636166481494,
                -0.8567349716070455,
                0.9567349716070457
            ],
            [
                0.0,
                -0.8660254037844386,
                -0.49999999999999983,
                -5.551115123125783e-17
            ],
            [
                0.0,
                0.0,
                0.0,
                1.0
            ]
        ],
        [
            [
                -0.9945218953682731,
                0.05226423163382673,
                -0.09052430460833645,
                0.19052430460833647
            ],
            [
                0.10452846326765346,
                0.49726094768413653,
                -0.861281226008774,
                0.9612812260087742
            ],
            [
                0.0,
                -0.8660254037844386,
                -0.49999999999999983,
                -5.551115123125783e-17
            ],
            [
                0.0,
                0.0,
                0.0,
                1.0
            ]
        ],
        [
            [
                -0.9980267284282713,
                0.03139525976465675,
                -0.05437818502920842,
                0.15437818502920844
            ],
            [
                0.06279051952931351,
                0.49901336421413556,
                -0.864316500474756,
                0.9643165004747563
            ],
            [
                0.0,
                -0.8660254037844385,
                -0.49999999999999983,
                -5.551115123125783e-17
            ],
            [
                0.0,
                0.0,
                0.0,
                1.0
            ]
        ],
        [
            [
                -0.9997806834748453,
                0.010471209941678524,
                -0.018136667635707548,
                0.11813666763570756
            ],
            [
                0.02094241988335705,
                0.49989034173742253,
                -0.865835470102185,
                0.9658354701021852
            ],
            [
                0.0,
                -0.8660254037844385,
                -0.49999999999999983,
                -5.551115123125783e-17
            ],
            [
                0.0,
                0.0,
                0.0,
                1.0
            ]
        ],
        [
            [
                -0.9997806834748453,
                -0.01047120994167846,
                0.018136667635707437,
                0.08186333236429257
            ],
            [
                -0.020942419883356923,
                0.49989034173742253,
                -0.865835470102185,
                0.9658354701021852
            ],
            [
                0.0,
                -0.8660254037844385,
                -0.49999999999999983,
                -5.551115123125783e-17
            ],
            [
                0.0,
                0.0,
                0.0,
                1.0
            ]
        ],
        [
            [
                -0.9980267284282713,
                -0.031395259764656576,
                0.05437818502920812,
                0.045621814970791874
            ],
            [
                -0.06279051952931317,
                0.49901336421413556,
                -0.864316500474756,
                0.9643165004747563
            ],
            [
                0.0,
                -0.8660254037844385,
                -0.49999999999999983,
                -5.551115123125783e-17
            ],
            [
                0.0,
                0.0,
                0.0,
                1.0
            ]
        ],
        [
            [
                -0.9945218953682731,
                -0.05226423163382676,
                0.09052430460833652,
                0.009475695391663472
            ],
            [
                -0.10452846326765353,
                0.49726094768413653,
                -0.861281226008774,
                0.9612812260087742
            ],
            [
                0.0,
                -0.8660254037844386,
                -0.49999999999999983,
                -5.551115123125783e-17
            ],
            [
                0.0,
                0.0,
                0.0,
                1.0
            ]
        ],
        [
            [
                -0.9892723329629881,
                -0.07304151428120573,
                0.1265116137968161,
                -0.02651161379681613
            ],
            [
                -0.14608302856241148,
                0.49463616648149394,
                -0.8567349716070455,
                0.9567349716070457
            ],
            [
                0.0,
                -0.8660254037844385,
                -0.49999999999999983,
                -5.551115123125783e-17
            ],
            [
                0.0,
                0.0,
                0.0,
                1.0
            ]
        ],
        [
            [
                -0.9822872507286884,
                -0.09369065729286227,
                0.16227697862576104,
                -0.062276978625761065
            ],
            [
                -0.18738131458572455,
                0.4911436253643442,
                -0.8506857129446186,
                0.9506857129446188
            ],
            [
                0.0,
                -0.8660254037844386,
                -0.49999999999999983,
                -5.551115123125783e-17
            ],
            [
                0.0,
                0.0,
                0.0,
                1.0
            ]
        ],
        [
            [
                -0.97357890287316,
                -0.11417543505532786,
                0.19775765449210853,
                -0.09775765449210858
            ],
            [
                -0.22835087011065572,
                0.48678945143658,
                -0.8431440624767392,
                0.9431440624767394
            ],
            [
                0.0,
                -0.8660254037844386,
                -0.49999999999999983,
                -5.551115123125783e-17
            ],
            [
                0.0,
                0.0,
                0.0,
                1.0
            ]
        ],
        [
            [
                -0.963162566797658,
                -0.13445991030763277,
                0.23289139623397415,
                -0.1328913962339742
            ],
            [
                -0.26891982061526554,
                0.481581283398829,
                -0.8341232508209981,
                0.9341232508209983
            ],
            [
                0.0,
                -0.8660254037844386,
                -0.49999999999999983,
                -5.551115123125783e-17
            ],
            [
                0.0,
                0.0,
                0.0,
                1.0
            ]
        ],
        [
            [
                -0.9510565162951534,
                -0.1545084971874736,
                0.2676165673298173,
                -0.16761656732981736
            ],
            [
                -0.30901699437494723,
                0.4755282581475766,
                -0.8236391035463319,
                0.923639103546332
            ],
            [
                0.0,
                -0.8660254037844385,
                -0.49999999999999983,
                -5.551115123125783e-17
            ],
            [
                0.0,
                0.0,
                0.0,
                1.0
            ]
        ],
        [
            [
                -0.9372819894918913,
                -0.17428602366090742,
                0.30187224802984325,
                -0.2018722480298433
            ],
            [
                -0.3485720473218149,
                0.4686409947459456,
                -0.8117100134095973,
                0.9117100134095975
            ],
            [
                0.0,
                -0.8660254037844385,
                -0.49999999999999983,
                -5.551115123125783e-17
            ],
            [
                0.0,
                0.0,
                0.0,
                1.0
            ]
        ],
        [
            [
                -0.9218631515885004,
                -0.19375779322605136,
                0.33559834222994583,
                -0.23559834222994588
            ],
            [
                -0.3875155864521027,
                0.46093157579425015,
                -0.7983569080884263,
                0.8983569080884265
            ],
            [
                0.0,
                -0.8660254037844386,
                -0.49999999999999983,
                -5.551115123125783e-17
            ],
            [
                0.0,
                0.0,
                0.0,
                1.0
            ]
        ],
        [
            [
                -0.9048270524660194,
                -0.2128896457825361,
                0.368735682900694,
                -0.26873568290069405
            ],
            [
                -0.4257792915650722,
                0.45241352623300973,
                -0.783603213466968,
                0.8836032134669682
            ],
            [
                0.0,
                -0.8660254037844385,
                -0.49999999999999983,
                -5.551115123125783e-17
            ],
            [
                0.0,
                0.0,
                0.0,
                1.0
            ]
        ],
        [
            [
                -0.8862035792312146,
                -0.23164801755993064,
                0.40122613588640743,
                -0.30122613588640756
            ],
            [
                -0.46329603511986134,
                0.44310178961560726,
                -0.7674748125389275,
                0.8674748125389277
            ],
            [
                0.0,
                -0.8660254037844385,
                -0.49999999999999983,
                -5.551115123125783e-17
            ],
            [
                0.0,
                0.0,
                0.0,
                1.0
            ]
        ],
        [
            [
                -0.8660254037844386,
                -0.24999999999999978,
                0.4330127018922191,
                -0.3330127018922192
            ],
            [
                -0.49999999999999967,
                0.4330127018922192,
                -0.75,
                0.8500000000000001
            ],
            [
                0.0,
                -0.8660254037844385,
                -0.49999999999999983,
                -5.551115123125783e-17
            ],
            [
                0.0,
                0.0,
                0.0,
                1.0
            ]
        ],
        [
            [
                -0.8443279255020151,
                -0.26791339748949805,
                0.46403961648020686,
                -0.364039616480207
            ],
            [
                -0.5358267949789962,
                0.4221639627510074,
                -0.7312094326093601,
                0.8312094326093602
            ],
            [
                0.0,
                -0.8660254037844385,
                -0.49999999999999983,
                -5.551115123125783e-17
            ],
            [
                0.0,
                0.0,
                0.0,
                1.0
            ]
        ],
        [
            [
                -0.8211492091337039,
                -0.28535678384221563,
                0.49425244789916734,
                -0.39425244789916747
            ],
            [
                -0.5707135676844314,
                0.41057460456685196,
                -0.7111360754072885,
                0.8111360754072886
            ],
            [
                0.0,
                -0.8660254037844386,
                -0.49999999999999983,
                -5.551115123125783e-17
            ],
            [
                0.0,
                0.0,
                0.0,
                1.0
            ]
        ],
        [
            [
                -0.7965299180241961,
                -0.30229955743118725,
                0.5235981925764023,
                -0.4235981925764024
            ],
            [
                -0.6045991148623746,
                0.398264959012098,
                -0.6898151438832905,
                0.7898151438832905
            ],
            [
                0.0,
                -0.8660254037844385,
                -0.49999999999999983,
                -5.551115123125783e-17
            ],
            [
                0.0,
                0.0,
                0.0,
                1.0
            ]
        ],
        [
            [
                -0.7705132427757891,
                -0.31871199487434476,
                0.5520253681039968,
                -0.45202536810399696
            ],
            [
                -0.6374239897486896,
                0.3852566213878945,
                -0.66728404219616,
                0.7672840421961601
            ],
            [
                0.0,
                -0.8660254037844386,
                -0.49999999999999983,
                -5.551115123125783e-17
            ],
            [
                0.0,
                0.0,
                0.0,
                1.0
            ]
        ],
        [
            [
                -0.7431448254773941,
                -0.334565303179429,
                0.5794841035564564,
                -0.47948410355645654
            ],
            [
                -0.6691306063588581,
                0.371572412738697,
                -0.6435822975543765,
                0.7435822975543765
            ],
            [
                0.0,
                -0.8660254037844385,
                -0.49999999999999983,
                -5.551115123125783e-17
            ],
            [
                0.0,
                0.0,
                0.0,
                1.0
            ]
        ],
        [
            [
                -0.714472679632803,
                -0.3498316702566826,
                0.6059262269812565,
                -0.5059262269812567
            ],
            [
                -0.6996633405133653,
                0.35723633981640146,
                -0.6187514908719483,
                0.7187514908719483
            ],
            [
                0.0,
                -0.8660254037844386,
                -0.49999999999999983,
                -5.551115123125783e-17
            ],
            [
                0.0,
                0.0,
                0.0,
                1.0
            ]
        ],
        [
            [
                -0.6845471059286887,
                -0.36448431371070555,
                0.6313053499088157,
                -0.5313053499088158
            ],
            [
                -0.7289686274214112,
                0.3422735529643443,
                -0.5928351838213616,
                0.6928351838213617
            ],
            [
                0.0,
                -0.8660254037844385,
                -0.49999999999999983,
                -5.551115123125783e-17
            ],
            [
                0.0,
                0.0,
                0.0,
                1.0
            ]
        ],
        [
            [
                -0.6534206039901054,
                -0.378497527825878,
                0.6555769487336358,
                -0.555576948733636
            ],
            [
                -0.7569950556517561,
                0.32671030199505263,
                -0.5658788424116029,
                0.665878842411603
            ],
            [
                0.0,
                -0.8660254037844385,
                -0.49999999999999983,
                -5.551115123125783e-17
            ],
            [
                0.0,
                0.0,
                0.0,
                1.0
            ]
        ],
        [
            [
                -0.6211477802783103,
                -0.3918467286629197,
                0.6786984428238331,
                -0.5786984428238332
            ],
            [
                -0.7836934573258395,
                0.3105738901391551,
                -0.5379297572253315,
                0.6379297572253316
            ],
            [
                0.0,
                -0.8660254037844385,
                -0.49999999999999983,
                -5.551115123125783e-17
            ],
            [
                0.0,
                0.0,
                0.0,
                1.0
            ]
        ],
        [
            [
                -0.5877852522924731,
                -0.40450849718747356,
                0.7006292692220366,
                -0.6006292692220367
            ],
            [
                -0.8090169943749472,
                0.2938926261462365,
                -0.5090369604551273,
                0.6090369604551273
            ],
            [
                0.0,
                -0.8660254037844385,
                -0.49999999999999983,
                -5.551115123125783e-17
            ],
            [
                0.0,
                0.0,
                0.0,
                1.0
            ]
        ],
        [
            [
                -0.553391549243344,
                -0.4164606203550496,
                0.7213309538065994,
                -0.6213309538065995
            ],
            [
                -0.8329212407100993,
                0.27669577462167194,
                -0.4792511398843631,
                0.5792511398843632
            ],
            [
